PU bin entries per bin f0r each HLT path 
Data HT : 60
1.2261e-05, 3.25983e-05, 9.35687e-05, 0.0001699, 0.000139256, 0.000180311, 0.000187726, 0.000187903, 0.000305346, 0.00106055, 0.00224675, 0.0041572, 0.0056444, 0.00624168, 0.00810533, 0.0122968, 0.019227, 0.0280904, 0.0373568, 0.0467056, 0.0556469, 0.0618341, 0.0629647, 0.0592638, 0.0532431, 0.0475882, 0.043455, 0.0406739, 0.0386113, 0.0367205, 0.0347792, 0.0327671, 0.0306462, 0.0283367, 0.02581, 0.0231219, 0.0203712, 0.0176587, 0.0150804, 0.0127326, 0.0107031, 0.00904938, 0.00778586, 0.00688539, 0.00628898, 0.00591491, 0.00566643, 0.00544368, 0.00516112, 0.00476436, 0.00424043, 0.00361885, 0.00295392, 0.00230621, 0.00172573, 0.00124209, 0.000863727, 0.000583162, 0.000384216, 0.000248216, 0.000157935, 9.93742e-05, 6.20605e-05, 3.86037e-05, 2.39999e-05, 1.49631e-05, 9.38534e-06, 5.93849e-06, 3.79797e-06, 2.45746e-06, 1.60848e-06, 1.06377e-06, 7.09552e-07, 4.76282e-07, 3.20995e-07, 2.1675e-07, 1.46363e-07, 9.86812e-08, 6.63442e-08, 4.443e-08, 2.96124e-08, 1.96278e-08, 1.29301e-08, 8.46096e-09, 5.49688e-09, 3.54407e-09, 2.26679e-09, 1.43778e-09, 9.0409e-10, 5.63447e-10, 3.47948e-10, 2.12864e-10, 1.28986e-10, 7.74034e-11, 4.59938e-11, 2.70587e-11, 1.57592e-11, 9.08545e-12, 5.18446e-12, 
Data HT : 80
9.4803e-06, 2.43905e-05, 6.70879e-05, 0.000127414, 0.000117507, 0.000162817, 0.000201244, 0.000203821, 0.000302931, 0.000881722, 0.00181937, 0.00337518, 0.00470357, 0.00543067, 0.00697829, 0.00975552, 0.0137474, 0.0185058, 0.0233242, 0.028136, 0.0331135, 0.0378768, 0.0418185, 0.0447997, 0.0471482, 0.0491591, 0.0507096, 0.0514705, 0.05121, 0.0498862, 0.0476408, 0.0446857, 0.0411886, 0.0372795, 0.0331211, 0.0289208, 0.0248784, 0.0211437, 0.0178131, 0.0149509, 0.0125983, 0.0107695, 0.00944514, 0.00857149, 0.00806291, 0.00780614, 0.00766833, 0.00751382, 0.00722893, 0.00674512, 0.0060521, 0.00519882, 0.00426791, 0.00334978, 0.00251928, 0.00182181, 0.00127217, 0.000861816, 0.000569053, 0.000367888, 0.00023384, 0.0001467, 9.11635e-05, 5.63139e-05, 3.4702e-05, 2.14091e-05, 1.32703e-05, 8.29051e-06, 5.23356e-06, 3.34337e-06, 2.16219e-06, 1.41444e-06, 9.34406e-07, 6.21997e-07, 4.16207e-07, 2.79319e-07, 1.87618e-07, 1.25915e-07, 8.43107e-08, 5.62583e-08, 3.73741e-08, 2.46996e-08, 1.62275e-08, 1.05924e-08, 6.866e-09, 4.41749e-09, 2.8199e-09, 1.78534e-09, 1.12072e-09, 6.97335e-10, 4.29974e-10, 2.62666e-10, 1.58944e-10, 9.52561e-11, 5.65307e-11, 3.32173e-11, 1.93235e-11, 1.11277e-11, 6.34289e-12, 
Data HT : 140
1.30648e-05, 3.37663e-05, 9.12109e-05, 0.000170794, 0.000133763, 0.000188243, 0.000206265, 0.000198962, 0.000349243, 0.00119873, 0.00263237, 0.00502284, 0.00704542, 0.00811181, 0.0102334, 0.0138368, 0.0187139, 0.0241071, 0.0288303, 0.0325694, 0.0358095, 0.0387399, 0.0410596, 0.042627, 0.0437118, 0.0446279, 0.0453181, 0.0454978, 0.0449377, 0.0435849, 0.0415752, 0.0390991, 0.0362649, 0.0331213, 0.0297665, 0.0263672, 0.0230922, 0.0200491, 0.0172941, 0.0148753, 0.0128537, 0.0112901, 0.010217, 0.00961726, 0.00941714, 0.00948889, 0.00966428, 0.00976155, 0.00962373, 0.0091542, 0.00833831, 0.00724787, 0.00600549, 0.00474767, 0.00359006, 0.00260609, 0.00182396, 0.00123648, 0.000815649, 0.000525855, 0.000332673, 0.000207274, 0.000127623, 7.79163e-05, 4.73332e-05, 2.87189e-05, 1.74725e-05, 1.07015e-05, 6.62187e-06, 4.15074e-06, 2.63935e-06, 1.7025e-06, 1.11256e-06, 7.3488e-07, 4.89303e-07, 3.2748e-07, 2.19741e-07, 1.47498e-07, 9.88584e-08, 6.60615e-08, 4.39621e-08, 2.91067e-08, 1.91581e-08, 1.25279e-08, 8.13458e-09, 5.2422e-09, 3.35148e-09, 2.12495e-09, 1.33571e-09, 8.32159e-10, 5.1372e-10, 3.14182e-10, 1.90323e-10, 1.14179e-10, 6.78275e-11, 3.9893e-11, 2.32281e-11, 1.3388e-11, 7.63778e-12, 
Data HT : 200
1.28126e-05, 3.34441e-05, 8.92851e-05, 0.000170918, 0.000137532, 0.000210186, 0.00023046, 0.000215237, 0.000375096, 0.00120188, 0.00258399, 0.0048825, 0.00662783, 0.00716984, 0.00856015, 0.0111956, 0.0148646, 0.0190208, 0.022816, 0.0261005, 0.0294923, 0.0332697, 0.0369061, 0.0399426, 0.0425614, 0.0450982, 0.0474048, 0.0489871, 0.0494621, 0.0487723, 0.0471259, 0.0447763, 0.041865, 0.0384599, 0.0346883, 0.0307604, 0.0268976, 0.023252, 0.0199101, 0.0169348, 0.0143851, 0.0123128, 0.0107426, 0.00965859, 0.00899747, 0.00864905, 0.00846704, 0.00829293, 0.00798951, 0.00747089, 0.00671881, 0.00578429, 0.00475809, 0.00374104, 0.00281748, 0.00203933, 0.00142442, 0.000964327, 0.000635579, 0.000409543, 0.000258998, 0.00016132, 9.92926e-05, 6.05896e-05, 3.67804e-05, 2.22931e-05, 1.35443e-05, 8.2809e-06, 5.11303e-06, 3.19702e-06, 2.02737e-06, 1.30401e-06, 8.49702e-07, 5.59682e-07, 3.71656e-07, 2.4812e-07, 1.66104e-07, 1.11257e-07, 7.44217e-08, 4.96423e-08, 3.29811e-08, 2.18032e-08, 1.4331e-08, 9.35941e-09, 6.07006e-09, 3.90752e-09, 2.49568e-09, 1.58087e-09, 9.92849e-10, 6.18053e-10, 3.81255e-10, 2.33001e-10, 1.41049e-10, 8.45636e-11, 5.02034e-11, 2.95098e-11, 1.71725e-11, 9.89228e-12, 5.64048e-12, 
Data HT : 260
1.40344e-05, 3.64128e-05, 9.89987e-05, 0.000182249, 0.000136458, 0.000175894, 0.000187971, 0.00018103, 0.000327709, 0.0012372, 0.00274328, 0.00521054, 0.0073317, 0.00851708, 0.010838, 0.0148209, 0.0202994, 0.0263458, 0.0314896, 0.035271, 0.0381437, 0.0403982, 0.0420175, 0.0430443, 0.0436453, 0.0439649, 0.0439474, 0.0434663, 0.0424258, 0.0407842, 0.0386302, 0.036122, 0.0333579, 0.0303821, 0.0272792, 0.0241946, 0.021273, 0.0186067, 0.0162464, 0.0142361, 0.0126261, 0.011458, 0.0107435, 0.0104501, 0.0104952, 0.010745, 0.0110258, 0.0111518, 0.010967, 0.0103857, 0.00941182, 0.00814097, 0.006718, 0.00529534, 0.00399742, 0.0029002, 0.00203045, 0.00137756, 0.000909539, 0.000586819, 0.000371421, 0.000231511, 0.000142654, 8.72417e-05, 5.31722e-05, 3.24355e-05, 1.98865e-05, 1.23009e-05, 7.69906e-06, 4.8844e-06, 3.14202e-06, 2.04746e-06, 1.34893e-06, 8.96297e-07, 5.99031e-07, 4.01697e-07, 2.69677e-07, 1.80921e-07, 1.21111e-07, 8.07983e-08, 5.36685e-08, 3.54637e-08, 2.32968e-08, 1.52054e-08, 9.85528e-09, 6.34024e-09, 4.04699e-09, 2.56206e-09, 1.60819e-09, 1.00059e-09, 6.16922e-10, 3.7685e-10, 2.28027e-10, 1.36651e-10, 8.10928e-11, 4.76477e-11, 2.77168e-11, 1.59604e-11, 9.09719e-12, 
Data HT : 320
1.50897e-05, 3.93997e-05, 0.00010682, 0.000196268, 0.000143931, 0.000183437, 0.000195187, 0.000185572, 0.000341132, 0.00131967, 0.00293127, 0.00555634, 0.00776068, 0.0088927, 0.0111914, 0.0152094, 0.0207495, 0.026851, 0.032001, 0.0357213, 0.0385119, 0.0407166, 0.042307, 0.0432853, 0.0437876, 0.0439548, 0.0437578, 0.0431164, 0.0419738, 0.040301, 0.0381741, 0.0357292, 0.0330441, 0.0301501, 0.0271253, 0.0241123, 0.0212519, 0.0186327, 0.0163021, 0.0143035, 0.0126882, 0.0114998, 0.0107508, 0.0104102, 0.0103979, 0.0105858, 0.0108087, 0.0108898, 0.0106804, 0.0100967, 0.00914045, 0.00790102, 0.00651628, 0.00513302, 0.00387185, 0.00280673, 0.00196362, 0.00133182, 0.000879676, 0.000568294, 0.000360544, 0.000225492, 0.000139532, 8.5738e-05, 5.2511e-05, 3.21793e-05, 1.98067e-05, 1.22881e-05, 7.70578e-06, 4.89312e-06, 3.14789e-06, 2.05028e-06, 1.34968e-06, 8.9595e-07, 5.98245e-07, 4.00832e-07, 2.68902e-07, 1.8029e-07, 1.20627e-07, 8.0441e-08, 5.34116e-08, 3.52827e-08, 2.31714e-08, 1.51199e-08, 9.79765e-09, 6.30189e-09, 4.02176e-09, 2.54565e-09, 1.59764e-09, 9.93873e-10, 6.12696e-10, 3.74219e-10, 2.26407e-10, 1.35664e-10, 8.04981e-11, 4.72931e-11, 2.75077e-11, 1.58384e-11, 9.02676e-12, 
Data HT : 400
1.3538e-05, 3.51595e-05, 9.54755e-05, 0.000176364, 0.00013294, 0.00017296, 0.000185989, 0.00018022, 0.000328806, 0.0012275, 0.00273387, 0.00520954, 0.00738149, 0.0086785, 0.011099, 0.0151369, 0.0206256, 0.0267004, 0.0319878, 0.0360219, 0.0391458, 0.0415667, 0.0432558, 0.0442686, 0.0447952, 0.0450095, 0.0448818, 0.0442959, 0.0431527, 0.0414022, 0.0391214, 0.0364629, 0.0335337, 0.0303975, 0.0271591, 0.023976, 0.0209928, 0.0182929, 0.0159137, 0.0138867, 0.0122515, 0.0110414, 0.0102615, 0.00987638, 0.00980622, 0.00992878, 0.0100896, 0.0101254, 0.00989974, 0.00933577, 0.00843501, 0.00727919, 0.00599442, 0.00471506, 0.00355142, 0.00257079, 0.00179617, 0.00121689, 0.000803132, 0.000518657, 0.000329085, 0.000205925, 0.000127535, 7.84492e-05, 4.80993e-05, 2.95043e-05, 1.81737e-05, 1.12801e-05, 7.07519e-06, 4.49287e-06, 2.89032e-06, 1.88256e-06, 1.23946e-06, 8.23038e-07, 5.49823e-07, 3.68617e-07, 2.47469e-07, 1.66052e-07, 1.11191e-07, 7.42096e-08, 4.93136e-08, 3.26007e-08, 2.14257e-08, 1.39903e-08, 9.07146e-09, 5.83827e-09, 3.72795e-09, 2.3609e-09, 1.4824e-09, 9.22599e-10, 5.68999e-10, 3.4767e-10, 2.10424e-10, 1.26133e-10, 7.48684e-11, 4.40002e-11, 2.56006e-11, 1.47448e-11, 8.40601e-12, 
Data HT : 450
8.21463e-06, 2.13834e-05, 5.97399e-05, 0.000113044, 9.91145e-05, 0.000143799, 0.000163109, 0.000174258, 0.000300787, 0.000951537, 0.00213666, 0.00412879, 0.00619767, 0.00798274, 0.0104905, 0.0141701, 0.0192486, 0.0251988, 0.0308561, 0.0356524, 0.0396484, 0.0428207, 0.0450378, 0.0464128, 0.0472937, 0.0479609, 0.0483734, 0.048296, 0.0474884, 0.045818, 0.0433431, 0.0402448, 0.0366963, 0.03284, 0.0288474, 0.0249247, 0.0212587, 0.0179685, 0.0151122, 0.0127183, 0.0108027, 0.00936726, 0.00838952, 0.00781723, 0.00756684, 0.007526, 0.00756181, 0.0075387, 0.00734445, 0.00691409, 0.00624294, 0.00538744, 0.0044382, 0.00349306, 0.00263292, 0.00190743, 0.00133378, 0.000904348, 0.000597316, 0.000386009, 0.000245065, 0.000153418, 9.50392e-05, 5.84592e-05, 3.58302e-05, 2.1962e-05, 1.35119e-05, 8.37307e-06, 5.24122e-06, 3.32051e-06, 2.13074e-06, 1.38421e-06, 9.09011e-07, 6.02127e-07, 4.01319e-07, 2.68484e-07, 1.79893e-07, 1.20492e-07, 8.05513e-08, 5.36795e-08, 3.56219e-08, 2.35194e-08, 1.54394e-08, 1.00707e-08, 6.52352e-09, 4.19465e-09, 2.67619e-09, 1.69351e-09, 1.06258e-09, 6.60873e-10, 4.07326e-10, 2.48736e-10, 1.50461e-10, 9.01409e-11, 5.34775e-11, 3.14134e-11, 1.82686e-11, 1.05172e-11, 5.9932e-12, 
Data HT : 500
4.24759e-06, 1.09596e-05, 3.12109e-05, 6.1272e-05, 6.43298e-05, 0.000106733, 0.000125148, 0.000138472, 0.000199589, 0.000507884, 0.00103917, 0.00198071, 0.00316141, 0.0045428, 0.00643408, 0.00907755, 0.0126714, 0.016877, 0.0210418, 0.0248802, 0.0282544, 0.0309868, 0.033079, 0.0347016, 0.0360907, 0.0374025, 0.0385229, 0.0392181, 0.0393333, 0.0388254, 0.0377583, 0.0362433, 0.0343571, 0.0321569, 0.0297518, 0.0273015, 0.0249464, 0.022769, 0.0208224, 0.0191734, 0.0179099, 0.0171132, 0.0168239, 0.0170182, 0.0175927, 0.0183597, 0.0190611, 0.0194126, 0.0191731, 0.0182099, 0.0165386, 0.0143293, 0.0118379, 0.00933643, 0.00704939, 0.00511515, 0.00358324, 0.00243512, 0.00161331, 0.00104688, 0.00066824, 0.000421236, 0.00026318, 0.000163541, 0.000101421, 6.2984e-05, 3.92956e-05, 2.47007e-05, 1.56773e-05, 1.00592e-05, 6.52612e-06, 4.27749e-06, 2.82796e-06, 1.88202e-06, 1.25805e-06, 8.42925e-07, 5.65057e-07, 3.78376e-07, 2.52763e-07, 1.68264e-07, 1.11524e-07, 7.35393e-08, 4.82121e-08, 3.14073e-08, 2.03198e-08, 1.30504e-08, 8.31695e-09, 5.25748e-09, 3.29549e-09, 2.0477e-09, 1.26095e-09, 7.69349e-10, 4.64998e-10, 2.78361e-10, 1.65016e-10, 9.68619e-11, 5.62905e-11, 3.2384e-11, 1.84417e-11, 
Data HT : 550
4.24759e-06, 1.09596e-05, 3.12109e-05, 6.1272e-05, 6.43298e-05, 0.000106733, 0.000125148, 0.000138472, 0.000199589, 0.000507884, 0.00103917, 0.00198071, 0.00316141, 0.0045428, 0.00643408, 0.00907755, 0.0126714, 0.016877, 0.0210418, 0.0248802, 0.0282544, 0.0309868, 0.033079, 0.0347016, 0.0360907, 0.0374025, 0.0385229, 0.0392181, 0.0393333, 0.0388254, 0.0377583, 0.0362433, 0.0343571, 0.0321569, 0.0297518, 0.0273015, 0.0249464, 0.022769, 0.0208224, 0.0191734, 0.0179099, 0.0171132, 0.0168239, 0.0170182, 0.0175927, 0.0183597, 0.0190611, 0.0194126, 0.0191731, 0.0182099, 0.0165386, 0.0143293, 0.0118379, 0.00933643, 0.00704939, 0.00511515, 0.00358324, 0.00243512, 0.00161331, 0.00104688, 0.00066824, 0.000421236, 0.00026318, 0.000163541, 0.000101421, 6.2984e-05, 3.92956e-05, 2.47007e-05, 1.56773e-05, 1.00592e-05, 6.52612e-06, 4.27749e-06, 2.82796e-06, 1.88202e-06, 1.25805e-06, 8.42925e-07, 5.65057e-07, 3.78376e-07, 2.52763e-07, 1.68264e-07, 1.11524e-07, 7.35393e-08, 4.82121e-08, 3.14073e-08, 2.03198e-08, 1.30504e-08, 8.31695e-09, 5.25748e-09, 3.29549e-09, 2.0477e-09, 1.26095e-09, 7.69349e-10, 4.64998e-10, 2.78361e-10, 1.65016e-10, 9.68619e-11, 5.62905e-11, 3.2384e-11, 1.84417e-11, 
 No. of Bins 100 For MC 
1.18408e-05, 3.46661e-05, 8.98772e-05, 7.474e-05, 0.000123005, 0.000156502, 0.00015466, 0.000177496, 0.00032415, 0.000737524, 0.00140433, 0.00244425, 0.00380028, 0.00541093, 0.00768803, 0.0108282, 0.0146609, 0.0188774, 0.0228419, 0.0264818, 0.0294637, 0.0317961, 0.0336646, 0.0352639, 0.0368694, 0.0382797, 0.0393867, 0.039839, 0.0396462, 0.0388393, 0.0374196, 0.0355378, 0.0333384, 0.0308287, 0.0282914, 0.0257861, 0.0234163, 0.0213126, 0.0195036, 0.018108, 0.0171991, 0.0166378, 0.0166445, 0.0171944, 0.0181981, 0.019134, 0.0198519, 0.0199715, 0.0194616, 0.0178627, 0.0153297, 0.0126789, 0.0100766, 0.00773867, 0.00592386, 0.00434706, 0.00310217, 0.00213213, 0.0013996, 0.000879149, 0.000540866, 0.000326116, 0.000193966, 0.000114608, 6.74263e-05, 3.97805e-05, 2.19949e-05, 9.72008e-06, 4.26179e-06, 2.80016e-06, 1.14675e-06, 2.52452e-07, 9.08395e-08, 1.14292e-08, 0, 0, 0, 0, 0, 0, 0, 0, 0, 0, 0, 0, 0, 0, 0, 0, 0, 0, 0, 0, 0, 0, 0, 0, 0, 